1.40358e-06	0	0	15.6949	0	0	0
4.92157e-06	0	0	48.5354	0	0	0
7.78788e-06	0	0	61.9838	0	0	0
1.03617e-05	0	0	61.1923	0	0	0
1.26622e-05	0	0	50.8609	0	0	0
1.47396e-05	0	0	35.6704	0	0	0
1.66417e-05	0	0	18.937	0	0	0
1.83968e-05	0	0	-0.89032	0	0	0
2.00199e-05	0	0	-56.962	0	0	0
2.15184e-05	0	0	-177.049	0	0	0
2.28998e-05	0	0	-157.137	0	0	0
2.41764e-05	0	0	-14.6406	0	0	0
2.53647e-05	0	0	-12.2719	0	0	0
2.64811e-05	0	0	22.8802	0	0	0
2.75408e-05	0	0	45.5382	0	0	0
2.85601e-05	0	0	59.526	0	0	0
2.9544e-05	0	0	64.1249	0	0	0
3.04965e-05	0	0	66.2962	0	0	0
3.14217e-05	0	0	73.4689	0	0	0
3.23233e-05	0	0	58.4083	0	0	0
3.32048e-05	0	0	65.2626	0	0	0
3.40694e-05	0	0	49.3143	4.36557e-11	0	0
3.49199e-05	0	0	49.7882	5.67525e-10	0	0
3.57592e-05	0	0	34.0404	5.58794e-09	0	0
3.65899e-05	0	0	33.7323	4.62169e-08	0	0
3.74146e-05	0	0	20.2506	3.35305e-07	0	0
3.8236e-05	0	0	14.0414	2.17065e-06	0	0
3.90567e-05	0	0	9.87706	1.26519e-05	0	0
3.98798e-05	0	0	-2.50052	6.68606e-05	0	0
4.07084e-05	0	0	-0.383334	0.000322249	0	0
4.15463e-05	0	0	-13.7756	0.00142313	0	0
4.23978e-05	0	0	-8.05932	0.00577858	0	0
4.32683e-05	0	0	-20.0716	0.0216186	0	0
4.41647e-05	0	0	-13.3012	0.0745612	0	0
4.51036e-05	0	0	-19.2684	0.238711	0	0
4.61065e-05	0	0	-16.7133	0.709438	0	0
4.71982e-05	0	0	-11.8959	1.92818	0	0
4.84296e-05	0	0	-8.25971	4.6817	0	0
4.99596e-05	0	0	-4.33955	9.77547	0	0
5.24708e-05	0	0	8.05273	15.1039	0	0
5.50489e-05	0	0	21.4283	17.4005	0	0
5.74897e-05	0	0	20.8208	16.3621	0	0
5.98281e-05	0	0	26.2163	14.1355	0	0
6.20942e-05	0	0	33.3974	10.4475	0	0
6.43109e-05	0	0	10.0252	6.56804	0	0
6.64588e-05	0	0	28.7194	3.19577	0	0
6.86052e-05	0	0	4.14753	0.753898	0	0
7.06847e-05	0	0	-11.1248	-0.832417	0	0
7.2742e-05	0	0	8.48342	-1.14222	0	0
7.47899e-05	0	0	-1.31553	-0.437076	0	0
7.67935e-05	0	0	-9.37379	0.969607	0	0
7.87644e-05	0	0	13.3925	2.76773	0	0
8.0769e-05	0	0	24.3249	4.71809	0	0
8.26985e-05	0	0	12.6249	6.49293	0	0
8.46699e-05	0	0	14.9634	8.11734	0	0
8.65748e-05	0	0	28.8652	9.32901	0	0
8.85026e-05	0	0	25.3935	10.6194	0	0
9.03783e-05	0	0	9.90226	11.5694	0	0
9.22897e-05	0	0	6.00954	10.3619	0	0
9.41419e-05	0	0	13.4111	6.28888	0	0
9.60281e-05	0	0	14.2449	2.78922	0	0
9.78572e-05	0	0	5.16843	1.94782	0	0
9.9739e-05	2.43017e-08	0	-0.721917	1.32028	2.43017e-08	0
0.000101572	4.54616e-07	0	6.07814	2.39742	4.54616e-07	0
0.000103465	8.07854e-06	0	15.5679	4.08113	8.07854e-06	0
0.000105306	0.000104362	0	14.0501	5.67325	0.000104362	0
0.000107171	0.00108841	0	8.54822	7.56897	0.00108841	0
0.000108967	0.0081646	0	10.4811	8.74653	0.0081646	0
0.000110745	0.0468969	0	17.1207	9.7423	0.0468969	0
0.000112551	0.21228	0	23.8441	9.84593	0.21228	0
0.000114329	0.709769	4.80213e-10	27.5905	9.75173	0.709769	4.80213e-10
0.000116133	1.77671	1.66328e-08	30.3146	9.32128	1.77671	1.66328e-08
0.00011791	3.17542	4.2202e-07	29.4739	8.63084	3.17542	4.2202e-07
0.000119654	4.10774	7.89741e-06	17.1374	8.09773	4.10774	7.89741e-06
0.00012145	4.20288	0.0001245	1.92786	7.32189	4.20288	0.0001245
0.000123201	4.05825	0.00141246	-0.00639899	7.08571	4.05825	0.00141246
0.00012494	3.81005	0.0120757	-0.0855402	6.84153	3.81005	0.0120757
0.000126716	3.05142	0.0813217	-7.56239	6.89295	3.05142	0.0813217
0.000128456	2.35969	0.391595	-1.45281	7.11784	2.35969	0.391595
0.000130185	1.65609	1.36607	6.54281	7.3951	1.65609	1.36607
0.000131949	0.771726	3.45979	12.2796	7.94701	0.771726	3.45979
0.000133677	0.134633	6.01207	21.7836	8.35899	0.134633	6.01207
0.000135397	-0.415151	7.51814	21.6573	8.83841	-0.415151	7.51814
0.000137151	-0.624449	7.85958	24.583	9.37292	-0.624449	7.85958
0.00013887	-0.761516	8.20817	21.922	9.64787	-0.761516	8.20817
0.000140582	-0.420125	7.89192	23.2668	9.94316	-0.420125	7.89192
0.000142322	-0.468222	6.85422	21.1682	10.0734	-0.468222	6.85422
0.000144045	0.0435692	5.95238	19.8593	9.8992	0.0435692	5.95238
0.000145748	0.361706	4.5358	16.7756	9.67415	0.361706	4.5358
0.000147461	0.753191	3.40871	12.5568	9.35909	0.753191	3.40871
0.000149191	1.29832	2.17299	8.54236	9.0622	1.29832	2.17299
0.000150891	1.46286	1.31719	6.86557	8.74996	1.46286	1.31719
0.000152581	1.80793	0.63941	6.73479	8.43198	1.80793	0.63941
0.000154314	2.19616	0.440807	10.0299	8.37996	2.19616	0.440807
0.000156004	2.31114	0.395631	11.6392	8.38058	2.31114	0.395631
0.000157698	2.48925	0.798507	12.5687	8.34658	2.48925	0.798507
0.0001594	1.62259	1.33243	5.90163	8.27779	1.62259	1.33243
0.000161108	0.690343	2.12131	-0.0549983	8.15648	0.690343	2.12131
0.000162792	-0.0526281	2.88443	2.59157	8.00149	-0.0526281	2.88443
0.000164467	-0.182023	3.76423	17.9135	7.86568	-0.182023	3.76423
0.00016618	0.552308	4.426	32.0446	7.71322	0.552308	4.426
0.000167859	2.60142	5.15419	29.9997	7.8002	2.60142	5.15419
0.000169542	9.54944	5.84273	28.3028	8.17374	9.54944	5.84273
0.000171211	21.3985	6.44144	28.3419	8.84406	21.3985	6.44144
0.000172922	32.1826	6.88301	19.2118	9.72949	32.1826	6.88301
0.000174586	31.133	6.25709	11.3628	10.4705	31.133	6.25709
0.000176263	23.8627	4.59216	8.96967	11.2373	23.8627	4.59216
0.000177932	23.0052	3.1217	3.4302	11.7832	23.0052	3.1217
0.000179633	17.4669	2.64899	2.99778	12.0384	17.4669	2.64899
0.00018129	9.26853	2.58195	4.99428	12.0242	9.26853	2.58195
0.000182957	5.43234	2.5342	5.27832	11.7253	5.43234	2.5342
0.000184624	-2.68838	3.24783	10.9341	11.0715	-2.6884	3.24782
0.000186318	-4.77194	4.05762	12.4842	10.382	-4.77207	4.0575
0.000187969	-9.69826	4.70026	17.1739	10.3188	-9.69915	4.69936
0.000189632	-9.5029	5.68121	18.5632	11.3457	-9.5087	5.67541
0.000191288	-10.7432	6.15644	20.5632	12.8336	-10.776	6.12363
0.000192977	-7.97442	6.89751	21.7547	13.4969	-8.14259	6.72934
0.000194621	-6.1723	7.59864	20.7193	13.0562	-6.89461	6.87632
0.000196281	1.25105	9.80083	20.7176	12.5899	-1.49264	7.05714
0.000197923	9.32858	15.8699	17.1726	12.0889	0.407309	6.94864
0.000199603	31.5431	32.5859	15.9201	10.4027	5.83	6.87278
0.000201244	71.6794	69.1618	13.0676	9.09127	9.2099	6.69229
0.000202897	143.518	139.388	12.2794	8.24679	10.7444	6.61496
0.000204529	262.474	254.229	10.551	7.5918	14.7746	6.52905
0.000206195	443.452	435.337	10.5382	7.55344	14.7471	6.63201
0.000207853	726.581	717.69	9.3304	8.42686	15.6845	6.79305
0.000209484	1176.47	1166.87	10.1527	9.31385	16.7085	7.112
0.000211127	1899.61	1890.84	10.6601	10.948	16.2957	7.51725
0.000212757	2992.32	2986.04	11.7744	12.4797	14.3745	8.09445
0.000214418	4641.38	4643.4	13.4818	14.3175	6.65102	8.66701
0.000216048	7021.68	7037.62	14.6048	15.551	-6.47347	9.4625
0.000217679	10459.7	10479.9	16.784	15.9941	-9.87883	10.3506
0.000219307	15266.7	15282.3	17.4397	16.0654	-4.19485	11.4328
0.000220934	21837.3	21852.2	18.4393	15.1787	-2.26547	12.6888
0.000222591	30839.8	30855.2	17.557	13.5017	-1.51313	13.9768
0.000224213	42404.9	42412.8	17.9	11.8116	6.5319	14.4703
0.000225838	57196.7	57201.9	16.3551	10.1232	8.56653	13.7415
0.00022746	75646.4	75647.4	15.5768	8.88573	10.8215	11.8262
0.000229082	98084.2	98081.5	13.925	8.27005	12.3238	9.63029
0.000230729	125210	125206	12.7643	8.72483	12.3591	8.23466
0.000232352	156196	156189	12.552	9.36015	13.5119	6.72845
0.000233967	190966	190962	11.7048	9.79422	9.33326	5.02064
0.000235593	229338	229333	12.4585	10.1409	9.27297	4.20639
0.000237204	269776	269773	12.1823	11.3474	6.72654	3.64623
0.000238843	312118	312113	13.4069	13.3189	7.74107	3.13336
0.000240477	353927	353926	14.685	14.6307	4.4242	3.36381
0.000242084	392992	392991	15.1815	14.9427	3.95709	3.62266
0.000243704	428478	428478	16.4152	15.2437	4.45361	4.16264
0.000245308	458048	458045	16.6398	14.8929	7.29033	4.8704
0.000246943	481084	481082	17.1766	13.1261	7.66517	5.35362
0.000248575	496039	496039	16.6269	11.1999	6.65447	6.22209
0.000250181	503056	503054	14.9581	9.80445	9.14956	6.55333
0.000251798	503901	503897	13.1006	8.13996	11.4535	7.10845
0.000253409	501434	501428	11.6243	7.44007	14.0574	7.62756
0.000255017	499049	499044	13.1332	7.27848	13.2241	8.04507
0.00025665	498829	498825	15.923	7.65557	12.3557	8.44815
0.000258275	500143	500138	16.7146	8.99285	13.4688	8.97307
0.000259875	500731	500725	13.53	10.173	14.4427	9.29649
0.000261489	499995	499988	8.04835	11.8747	15.871	9.62468
0.000263086	499552	499547	7.9133	13.3013	14.2246	9.74531
0.000264704	500121	500120	12.9241	14.5113	10.7745	9.47674
0.000266341	500285	500282	15.0412	15.3263	11.0244	8.72435
0.000267948	499794	499790	13.9342	15.2018	12.2057	8.14267
0.000269548	499943	499939	16.1632	14.7204	12.0237	8.17763
0.000271156	500222	500217	19.7034	14.0027	13.4322	9.32556
0.000272749	499897	499893	17.6319	12.9792	14.3096	10.4074
0.000274376	499968	499965	15.5425	11.8125	13.777	10.914
0.000276003	500155	500150	17.213	10.8875	16.186	11.0825
0.000277604	499899	499890	14.5643	10.7222	21.2806	11.4545
0.000279203	500059	500046	11.9568	10.8968	24.0745	11.3126
0.000280809	500076	500062	13.863	11.5945	24.6891	10.757
0.000282399	499927	499915	12.7626	12.199	23.0555	10.5981
0.000284027	500104	500100	12.5494	13.8559	14.0759	10.0533
0.000285655	499944	499954	15.011	15.453	-0.639441	9.61104
0.000287254	499998	500018	13.728	16.458	-11.1889	9.56761
0.000288853	500018	500041	14.4003	17.0116	-13.3048	9.34972
0.000290461	499931	499954	14.0782	17.1892	-13.1428	9.62498
0.000292049	500049	500075	12.231	17.0457	-15.7824	9.89133
0.000293678	499923	499950	14.4452	16.1458	-17.1345	10.3295
0.000295305	500037	500060	15.0759	14.7612	-12.3596	10.9162
0.000296902	499959	499978	18.0083	13.6398	-7.10215	11.1519
0.000298502	500014	500029	17.7498	12.5411	-3.4862	11.6836
0.000300111	500001	500008	13.2958	11.536	5.00244	11.7294
0.000301697	500006	500003	9.30372	11.1365	14.444	12.0061
0.000303324	500034	500027	6.92456	10.6073	18.8851	11.9371
0.000304952	500006	499993	12.0279	10.5834	24.619	11.9705
0.000306551	500052	500034	13.5322	11.0304	29.3607	11.7738
0.000308151	500005	499987	12.7981	11.6199	29.9438	11.6802
0.000309763	500058	500037	10.3679	12.2829	32.2344	11.3748
0.00031135	500002	499984	13.0636	12.657	29.2537	11.3373
0.000312977	500050	500038	15.8076	13.1467	22.6963	11.0638
0.000314608	499993	499985	12.3901	13.3107	19.0914	11.0399
0.000316206	500040	500036	13.2384	13.2863	14.5554	11.0162
0.000317813	499988	499988	16.3577	13.0819	11.2671	11.1976
0.000319424	500026	500032	17.8011	13.0053	5.09644	11.2487
0.000321013	499983	499994	16.5219	12.9015	0.556149	11.519
0.000322642	500010	500024	20.9124	13.2347	-2.53862	11.6261
0.000324274	499988	500005	20.5652	13.7968	-5.88164	11.7779
0.000325872	499995	500014	21.0173	14.2786	-6.93766	11.8476
0.000327484	499998	500014	23.2375	15.5001	-4.88048	11.9416
0.000329084	500000	500005	24.9353	18.3926	7.07551	12.0805
0.000330676	500029	500022	26.5113	25.0941	18.4377	12.0044
0.000332304	500009	499997	35.9024	39.4608	24.3077	12.0136
0.000333934	500042	500031	48.3348	68.2524	22.5131	11.9888
0.00033553	500003	499990	74.5667	121.545	24.0977	12.0383
0.00033714	500048	500034	117.075	215.058	25.8853	11.9902
0.000338738	500003	499991	179.094	365.381	23.8002	12.0028
0.000340335	500033	500028	271.2	598.18	16.7556	11.8028
0.000341967	500007	500002	412.586	966.191	15.6148	11.0072
0.000343602	500012	500009	633.853	1543.96	13.014	9.87227
0.000345202	500016	500017	969.714	2419.3	7.59736	8.38572
0.000346822	499990	499992	1464.5	3755.24	4.51892	7.03613
0.000348421	500023	500024	2150.17	5684.34	5.63967	6.49414
0.000350046	499986	499990	3100.33	8493.69	2.93398	7.10859
0.000351704	500017	500021	4421.3	12555	5.31846	8.5904
0.000353336	500001	500006	6150.64	18112.1	5.47476	10.0079
0.000354982	500003	500007	8391.17	25714.2	7.35163	11.412
0.000356617	500024	500025	11171.7	35710.5	12.7888	13.0197
0.000358305	500000	500000	14685.7	49144.4	15.5903	14.7039
0.000360011	500030	500027	18914.3	66479.6	18.5145	15.8082
0.000361707	500017	500015	23716.4	87893.5	18.7063	16.225
0.000363392	500010	500008	28985.9	113633	18.3973	16.4323
0.000365202	500033	500031	35008.9	146354	17.989	16.1093
0.000366956	500009	500008	40915.7	182862	16.2733	15.1247
0.000368716	500009	500008	46574.2	223600	15.6562	14.1585
0.000370518	500027	500027	51708.5	268476	12.8931	13.026
0.000372322	500007	500005	55747	314916	13.1806	11.8369
0.000374179	500002	500002	58418.4	362096	11.2533	11.2371
0.000376005	500024	500023	59373.3	405384	11.5921	10.7433
0.000377865	500012	500012	58638.1	443678	11.0631	10.5982
0.000379693	499999	499998	56530.2	473307	11.2853	10.4043
0.000381544	500017	500016	53637.9	493606	10.7634	10.0071
0.000383363	500019	500017	51199.1	503745	11.7878	10.0679
0.000385196	500002	500000	50740	505631	12.2625	10.439
0.000386995	500014	500012	53931.8	502601	13.6505	11.7268
0.000388791	500026	500023	61642.8	498890	15.9699	13.4964
0.000390587	500010	500008	72887.8	497518	17.197	15.5766
0.000392373	500014	500012	84451.5	498563	18.8481	16.7996
0.000394202	500029	500027	93072.1	499517	19.0383	16.5256
0.000396007	500017	500014	97525.5	498348	18.4539	15.2978
0.000397848	500007	500005	100371	496052	16.3846	14.0852
0.000399664	500020	500019	103622	494609	14.5862	13.2744
0.000401505	500018	500020	106533	493049	11.1195	12.338
0.000403329	499999	500004	108389	489535	6.68981	11.8096
0.000405165	499997	500007	111202	484861	1.77859	11.9197
0.000406994	500004	500021	115828	479940	-5.19023	11.8968
0.000408827	499992	500014	120923	473125	-9.67577	11.9348
0.000410668	499982	500003	127044	464284	-8.19866	12.569
0.000412503	500001	500014	134997	454629	0.81295	13.2915
0.000414351	500023	500023	143472	442987	13.7867	13.849
0.000416192	500020	500013	152631	429651	21.542	14.3775
0.000418044	500014	500006	163113	415681	23.0188	14.139
0.000419884	500027	500016	173569	400601	24.156	13.9552
0.000421736	500036	500022	184880	385328	27.5856	13.7902
0.000423575	500025	500011	196704	370796	28.0788	13.6773
0.00042543	500015	500006	208800	356711	22.4666	13.7588
0.000427274	500021	500016	221897	344705	18.3126	13.4128
0.000429134	500023	500020	235502	334238	16.5	13.0669
0.000430985	500008	500010	250148	325963	11.6852	12.6052
0.00043285	500001	500006	266095	319630	9.76393	12.6126
0.000434712	500010	500015	283479	314752	11.2692	12.925
0.000436589	500009	500020	303334	311427	9.38307	13.2803
0.000438468	499996	500013	325391	308782	9.11284	13.4248
0.000440364	499979	500007	350576	307139	9.36984	13.2503
0.000442273	499965	500011	378465	305682	7.99011	13.3865
0.000444189	499945	500019	409786	304762	10.6168	13.746
0.000446116	499896	500018	444492	303776	11.8209	14.1453
0.000448036	499815	500009	483152	303183	14.1174	14.0635
0.000449954	499698	500004	525944	302569	17.6089	13.731
0.000451871	499534	500006	574178	302389	22.3318	13.5325
0.000453783	499291	500005	628291	302352	28.252	13.5948
0.000455669	498930	499989	689059	302918	25.3159	13.5889
0.000457586	498413	499959	759232	303820	15.3746	13.4034
0.00045946	497747	499920	837762	305447	4.32011	13.5865
0.000461362	496884	499865	928768	307560	4.28109	15.1569
0.000463217	495817	499773	1.03011e+06	310460	11.0899	20.3923
0.000465093	494471	499615	1.14613e+06	313919	23.217	33.6148
0.000466943	492876	499380	1.27404e+06	318160	44.9238	63.124
0.000468807	491015	499042	1.41399e+06	323015	92.1256	124.176
0.000470643	488939	498567	1.5561e+06	328573	173.921	237.415
0.00047249	486628	497882	1.68885e+06	334756	311.665	436.099
0.000474302	484208	496955	1.78841e+06	341475	542.199	759.221
0.000476129	481701	495716	1.83854e+06	348831	922.62	1286.78
0.000477907	479279	494155	1.8309e+06	356495	1515.42	2106.99
0.000479725	476896	492118	1.76873e+06	364856	2478.82	3429.93
0.00048148	474765	489673	1.66508e+06	373253	3916.23	5386.94
0.000483212	472892	486775	1.53076e+06	381961	6025.59	8237.55
0.000484993	471259	483277	1.36925e+06	391102	9195.07	12466.8
0.000486749	469933	479306	1.1961e+06	400459	13657.4	18356.2
0.000488491	468885	474878	1.01807e+06	409828	19819.5	26396.9
0.000490239	468101	470036	840548	419500	28201.4	37188.5
0.000491979	467559	464919	671204	429211	39230.7	51169
0.000493725	467203	459589	515341	439229	53511.8	68962.8
0.000495459	466999	454251	381960	449346	71326.3	90733.6
0.000497191	466913	449029	278010	459675	93087.2	116749
0.000498936	466903	444020	210897	470270	119176	147134
0.000500666	466906	439389	186518	480894	149118	180983
0.00050238	466874	435191	203268	491643	182434	217359
0.000504079	466766	431450	252658	502396	218365	254980
0.000505778	466511	428111	322369	513411	256183	292580
0.000507476	466021	425138	397390	524519	294529	328264
0.000509174	465213	422504	463951	535894	331881	360047
0.000510892	463968	420150	511280	547553	366935	386213
0.000512598	462181	418060	531207	559339	397335	404527
0.000514306	459696	416153	521437	571318	421921	414058
0.000516042	456327	414367	483063	583591	439967	414496
0.000517756	452033	412720	424026	595857	450790	406878
0.000519473	446647	411140	353866	608076	455531	393738
0.000521214	439990	409580	282775	620438	455960	378536
0.000522926	432260	408088	222411	632337	454362	365692
0.000524625	423479	406650	178410	643796	452676	357680
0.000526307	413812	405260	153677	654670	451657	354770
0.000527986	403422	403915	147658	664812	450809	355091
0.000529665	392615	402642	158062	674163	449124	356332
0.000531346	381788	401460	180713	682393	446034	357556
0.000533028	371380	400372	210747	689367	441626	359391
0.00053472	361857	399403	243190	694767	435941	362250
0.000536418	353740	398586	273405	698267	428341	364841
0.00053812	347440	397932	297810	699555	417978	365434
0.000539824	343201	397446	313924	698149	404768	364355
0.000541523	341067	397141	320782	693764	389219	363394
0.00054322	340822	397019	318496	685919	371314	362850
0.000544914	342099	397062	308206	674316	350939	361586
0.000546608	344491	397244	291841	658763	328838	359852
0.000548293	347637	397546	271904	639422	306422	359045
0.00054997	351265	397936	251210	617032	284409	358830
0.000551642	355124	398367	232334	592880	263748	358141
0.000553315	358986	398796	217564	569211	246089	357529
0.000554977	362645	399194	208744	549197	232858	357440
0.000556635	366013	399522	206641	535690	224668	356935
0.000558289	369046	399730	211430	530613	222474	356075
0.00055995	371761	399787	222340	533425	226800	355747
0.000561611	374173	399677	237838	541221	236866	355401
0.000563267	376350	399369	255812	549644	251530	354792
0.000564923	378398	398835	274008	554741	269347	354725
0.000566584	380425	398072	290576	554204	287987	354818
0.000568247	382535	397090	303939	547317	305709	354824
0.000569913	384835	395891	313270	534919	321902	355449
0.00057158	387418	394497	318388	518804	336191	356231
0.000573256	390383	392954	319650	500985	349235	357078
0.000574935	393797	391332	318102	483711	361601	358584
0.000576615	397704	389701	315111	468650	373157	360141
0.000578306	402157	388148	312147	456871	384508	362009
0.000580002	407188	386811	310638	448958	396077	364449
0.000581701	412800	385828	311648	444714	408039	366946
0.000583407	418965	385329	315967	443551	420838	370088
0.000585117	425624	385456	323855	444572	434196	373677
0.000586815	432650	386327	334930	446694	448265	377709
0.000588509	439958	388019	348716	449041	463258	382711
0.000590197	447401	390554	364395	450838	478714	388360
0.000591876	454814	393917	380999	451572	494707	395302
0.000593549	462067	398080	397761	451063	510677	403536
0.000595217	469045	402983	413944	449235	526059	413320
0.000596884	475627	408526	429008	446253	539949	425186
0.000598546	481702	414605	442656	442427	550974	438967
0.000600201	487184	421132	454720	438040	557841	455250
0.000601856	492032	428072	465371	433464	558366	473913
0.000603509	496179	435344	474800	429012	550453	495071
0.000605162	499609	442915	483305	424891	531858	518685
0.000606803	502297	450693	491224	421374	502373	544022
0.000608453	504272	458714	498980	418502	465736	571143
0.000610105	505530	466892	506957	416361	430621	598767
0.000611763	506097	475193	515781	415002	407725	626108
0.000613391	506008	483387	526118	414327	402142	650852
0.000615024	505295	491573	539741	414232	410493	671825
0.000616659	503984	499649	559192	414560	426490	686591
0.000618302	502138	507582	588189	415062	446594	692092
0.000619939	499849	515224	630614	415556	469026	685099
0.000621573	497187	522505	689236	415810	491433	662359
0.000623194	494226	529320	762266	415644	512383	623290
0.000624823	491005	535698	842551	415010	531665	570376
0.000626463	487586	541599	915699	413853	549269	512747
0.000628087	484186	546866	964179	412287	564842	464433
0.000629697	481106	551497	979005	410512	579195	435478
0.000631285	478740	555477	962647	408715	592616	426859
0.000632867	477394	558844	926045	407162	605851	432527
0.00063446	477256	561625	881233	406068	619505	446682
0.00063606	478400	563836	838003	405628	633848	465272
0.000637682	480768	565537	802465	406066	649405	485272
0.000639291	484098	566774	779426	407454	665783	503272
0.000640874	488162	567710	770750	409805	682998	518062
0.000642464	493043	568621	776169	413190	701041	529047
0.000644052	498907	569811	793466	417532	719752	536360
0.000645629	506001	571597	817933	422782	738453	540255
0.000647229	514812	574301	844068	428991	757104	541667
0.00064883	525505	577945	865154	435984	774418	541238
0.000650415	538059	582123	875875	443623	789174	539940
0.000651995	552383	586086	873183	451788	799653	538420
0.000653575	568087	588863	855990	460365	803667	537294
0.000655147	584270	589516	825417	469172	797985	536918
0.000656714	599873	587498	783967	478032	778704	537490
0.000658286	613827	582736	734881	486886	740682	539084
0.000659864	625068	575630	682094	495619	678402	541557
0.000661437	632800	567006	629646	504070	587718	544766
0.000663004	636667	557918	580754	512230	468096	548350
0.000664566	636633	549467	537622	520063	326335	552143
0.000666131	632868	542562	501355	527602	179644	555810
0.000667694	625727	537844	472685	534868	58479.1	559269
0.000669256	615745	535469	451497	541822	-3483.32	562232
0.000670827	603454	535109	437217	548519	14189.5	564755
0.00067241	589433	536097	429128	554955	103306	566637
0.000673998	574389	537574	426089	561022	227617	567999
0.000675471	560249	538623	426463	566280	339991	568687
0.000676688	548993	538821	428048	570306	418211	568976
0.000677692	540382	538388	429602	573439	470500	568973
0.000678547	533851	537492	430597	575907	505962	568814
0.000679296	528943	536334	431133	577954	529982	568623
0.000679964	525371	534983	431066	579679	545943	568358
0.000680568	522879	533555	430592	581162	556106	568062
0.000681122	521351	532037	429638	582407	562156	567699
0.000681634	520614	530529	428365	583571	565212	567369
0.00068211	520548	529020	426817	584571	566075	567045
0.000682557	521089	527500	424945	585427	565336	566688
0.000682978	522141	526028	422856	586240	563388	566333
0.000683376	523617	524614	420627	586976	560524	565981
0.000683754	525459	523224	418232	587601	556991	565599
0.000684114	527614	521863	415675	588172	552982	565199
0.000684459	530021	520562	413017	588729	548634	564814
0.000684789	532622	519326	410298	589235	544050	564451
0.000685107	535378	518134	407509	589653	539319	564086
0.000685413	538254	516976	404641	590010	534515	563704
0.000685708	541211	515863	401721	590351	529691	563318
0.000685993	544211	514809	398788	590685	524884	562937
0.000686269	547220	513810	395857	590983	520123	562560
0.000686537	550211	512853	392921	591219	515433	562173
0.000686797	553162	511927	389969	591402	510838	561769
0.00068705	556055	511035	387007	591558	506353	561354
0.000687296	558869	510188	384055	591704	501990	560941
0.000687536	561585	509391	381131	591834	497756	560538
0.000687771	564187	508638	378238	591925	493655	560143
0.000688	566662	507920	375371	591965	489691	559749
0.000688223	568999	507228	372523	591959	485867	559346
0.000688442	571189	506561	369698	591924	482184	558935
0.000688656	573224	505923	366906	591877	478641	558519
0.000688867	575096	505319	364159	591822	475236	558103
0.000689073	576801	504752	361463	591747	471968	557688
0.000689275	578335	504218	358815	591636	468836	557273
0.000689474	579698	503711	356206	591479	465841	556851
0.000689669	580887	503225	353630	591278	462981	556419
0.000689861	581903	502758	351086	591044	460254	555976
0.00069005	582744	502311	348581	590791	457658	555524
0.000690236	583408	501886	346125	590525	455188	555071
0.00069042	583896	501487	343726	590246	452840	554619
0.000690601	584209	501113	341387	589946	450611	554171
0.000690779	584350	500762	339105	589614	448498	553724
0.000690955	584324	500429	336870	589244	446501	553276
0.000691129	584136	500111	334677	588839	444616	552823
0.000691301	583790	499805	332522	588404	442841	552362
0.00069147	583291	499513	330407	587949	441173	551895
0.000691638	582641	499235	328339	587482	439605	551422
0.000691804	581843	498975	326325	587005	438135	550946
0.000691968	580899	498734	324371	586513	436756	550469
0.00069213	579815	498510	322476	586001	435465	549991
0.000692291	578595	498303	320638	585461	434262	549509
0.00069245	577245	498108	318849	584889	433143	549021
0.000692607	575774	497923	317103	584288	432110	548525
0.000692763	574187	497745	315396	583664	431160	548019
0.000692918	572490	497575	313728	583024	430293	547505
0.000693071	570689	497413	312104	582376	429505	546985
0.000693223	568787	497262	310529	581725	428794	546460
0.000693373	566789	497122	309010	581070	428156	545934
0.000693522	564697	496996	307551	580407	427586	545407
0.00069367	562517	496882	306149	579732	427082	544881
0.000693817	560252	496778	304803	579039	426641	544352
0.000693963	557909	496682	303504	578327	426262	543820
0.000694108	555493	496593	302246	577597	425943	543283
0.000694252	553011	496508	301024	576854	425685	542738
0.000694395	550469	496427	299836	576103	425485	542187
0.000694537	547871	496351	298683	575352	425344	541630
0.000694678	545221	496281	297571	574604	425257	541067
0.000694819	542523	496218	296505	573860	425224	540501
0.000694958	539780	496163	295490	573120	425240	539931
0.000695097	536994	496116	294527	572379	425302	539357
0.000695235	534168	496076	293617	571634	425408	538780
0.000695373	531307	496042	292756	570883	425555	538196
0.000695509	528413	496011	291939	570126	425743	537604
0.000695645	525492	495982	291160	569366	425972	537004
0.000695781	522549	495956	290415	568606	426240	536394
0.000695916	519588	495930	289700	567854	426549	535775
0.00069605	516615	495908	289017	567114	426898	535148
0.000696184	513632	495889	288369	566389	427287	534515
0.000696318	510643	495874	287760	565680	427714	533877
0.000696451	507650	495866	287194	564986	428178	533236
0.000696583	504656	495862	286674	564304	428676	532592
0.000696715	501662	495863	286200	563629	429207	531945
0.000696847	498670	495867	285772	562960	429768	531293
0.000696978	495682	495872	285383	562296	430357	530635
0.000697109	492702	495878	285030	561638	430973	529971
0.00069724	489733	495882	284708	560991	431617	529298
0.00069737	486778	495886	284412	560358	432286	528616
0.0006975	483841	495889	284142	559744	432981	527926
0.00069763	480926	495892	283899	559154	433703	527229
0.00069776	478035	495898	283686	558589	434449	526525
0.000697889	475173	495906	283506	558049	435219	525816
0.000698018	472340	495918	283365	557532	436011	525100
0.000698147	469539	495933	283265	557034	436825	524379
0.000698276	466770	495950	283205	556553	437658	523650
0.000698405	464036	495968	283186	556087	438508	522912
0.000698534	461338	495985	283202	555636	439374	522163
0.000698662	458678	496000	283248	555201	440255	521403
0.00069879	456058	496013	283321	554785	441151	520631
0.000698919	453481	496023	283416	554393	442062	519848
0.000699047	450950	496032	283532	554028	442987	519053
0.000699175	448466	496039	283669	553692	443928	518250
0.000699304	446033	496047	283829	553385	444885	517438
0.000699432	443653	496056	284016	553105	445856	516620
0.00069956	441328	496066	284233	552851	446841	515796
0.000699689	439058	496077	284482	552617	447840	514964
0.000699817	436846	496088	284766	552402	448851	514125
0.000699946	434692	496098	285082	552204	449873	513277
0.000700075	432598	496105	285428	552022	450903	512419
0.000700203	430564	496108	285799	551858	451942	511548
0.000700332	428592	496107	286192	551717	452987	510665
0.000700461	426685	496102	286603	551600	454040	509770
0.000700591	424844	496094	287031	551512	455098	508862
0.00070072	423070	496085	287475	551453	456163	507944
0.00070085	421367	496076	287938	551423	457234	507015
0.00070098	419735	496067	288422	551418	458311	506077
0.00070111	418176	496059	288929	551436	459392	505128
0.00070124	416690	496050	289462	551472	460479	504167
0.000701371	415278	496038	290022	551522	461569	503194
0.000701502	413941	496023	290606	551585	462661	502205
0.000701634	412679	496003	291212	551661	463755	501199
0.000701765	411493	495977	291836	551751	464850	500176
0.000701897	410382	495944	292475	551859	465945	499134
0.00070203	409349	495907	293125	551987	467041	498076
0.000702163	408395	495865	293785	552137	468137	497001
0.000702296	407520	495821	294456	552308	469233	495913
0.00070243	406725	495776	295138	552500	470331	494812
0.000702565	406013	495731	295835	552709	471429	493699
0.000702699	405383	495685	296549	552929	472528	492574
0.000702835	404837	495637	297281	553158	473628	491434
0.000702971	404373	495585	298031	553392	474726	490278
0.000703107	403991	495527	298797	553632	475823	489104
0.000703244	403692	495461	299577	553879	476917	487909
0.000703382	403475	495387	300366	554135	478007	486693
0.000703521	403340	495306	301162	554403	479093	485456
0.00070366	403286	495218	301964	554685	480172	484198
0.0007038	403315	495127	302770	554980	481246	482921
0.00070394	403426	495033	303582	555287	482314	481625
0.000704082	403620	494937	304401	555599	483376	480310
0.000704224	403896	494838	305228	555913	484431	478975
0.000704367	404256	494736	306064	556223	485480	477618
0.000704512	404699	494628	306907	556528	486521	476234
0.000704657	405223	494511	307755	556827	487554	474822
0.000704803	405828	494385	308606	557122	488579	473379
0.00070495	406513	494248	309458	557417	489595	471904
0.000705098	407276	494102	310309	557715	490601	470400
0.000705247	408118	493950	311159	558017	491598	468867
0.000705398	409038	493793	312009	558322	492585	467308
0.000705549	410034	493633	312861	558625	493563	465725
0.000705702	411106	493471	313715	558922	494533	464116
0.000705857	412253	493303	314572	559206	495493	462479
0.000706012	413475	493127	315429	559474	496444	460811
0.00070617	414769	492939	316283	559725	497386	459107
0.000706328	416135	492737	317129	559962	498316	457363
0.000706489	417570	492521	317964	560188	499234	455577
0.000706651	419072	492293	318788	560406	500139	453750
0.000706815	420640	492056	319602	560616	501029	451882
0.000706981	422272	491813	320409	560814	501904	449975
0.000707148	423967	491567	321212	560995	502765	448029
0.000707318	425724	491315	322012	561151	503610	446039
0.00070749	427540	491054	322806	561278	504441	444001
0.000707665	429413	490778	323588	561376	505258	441907
0.000707841	431341	490483	324354	561446	506060	439751
0.000708021	433320	490167	325098	561495	506847	437532
0.000708203	435346	489834	325821	561525	507620	435249
0.000708388	437417	489488	326526	561535	508377	432906
0.000708577	439529	489132	327219	561519	509119	430507
0.000708768	441679	488769	327903	561467	509846	428048
0.000708963	443865	488393	328576	561371	510559	425524
0.000709162	446084	487997	329230	561226	511257	422922
0.000709366	448331	487574	329853	561036	511939	420232
0.000709573	450603	487122	330437	560807	512605	417446
0.000709786	452892	486643	330984	560541	513252	414560
0.000710004	455194	486144	331501	560236	513878	411577
0.000710227	457500	485630	332001	559881	514484	408492
0.000710457	459804	485096	332487	559464	515068	405295
0.000710694	462101	484528	332947	558977	515632	401965
0.000710939	464382	483914	333361	558424	516179	398478
0.000711192	466639	483248	333714	557812	516709	394821
0.000711456	468860	482538	334008	557136	517224	390993
0.00071173	471031	481795	334261	556378	517725	386991
0.000712018	473139	481011	334483	555515	518213	382791
0.000712322	475163	480156	334655	554535	518690	378342
0.000712644	477081	479198	334738	553445	519157	373581
0.000712989	478861	478132	334718	552239	519614	368459
0.000713363	480460	476969	334626	550873	520063	362925
0.000713773	481810	475672	334462	549292	520512	356890
0.000714229	482810	474147	334131	547479	520979	350209
0.000714748	483303	472342	333583	545375	521493	342728
0.00071537	482990	470146	332859	542792	522103	334118
0.000716206	481092	466980	331618	539364	522941	323158
0.00071726	476486	462846	329928	535169	524116	311022
0.00071795	472302	459991	328743	532608	525044	304406
0.000718469	468649	457830	327931	530797	525838	300352
0.000718916	465206	455893	327210	529340	526584	297498
0.000719323	461870	454110	326569	528084	527319	295497
0.000719705	458604	452451	326044	526974	528061	294206
0.000720069	455393	450848	325586	525996	528817	293497
0.00072042	452232	449265	325152	525127	529593	293306
0.000720761	449120	447725	324766	524339	530394	293632
0.000721094	446060	446238	324462	523623	531224	294473
0.000721423	443052	444775	324224	522979	532081	295788
0.000721748	440092	443304	324013	522401	532962	297536
0.000722071	437184	441827	323826	521874	533867	299714
0.000722394	434338	440372	323708	521392	534805	302348
0.000722718	431564	438941	323685	520965	535788	305447
0.000723044	428867	437507	323733	520599	536821	308991
0.000723373	426248	436045	323812	520278	537902	312964
0.000723707	423712	434569	323939	519983	539033	317388
0.000724047	421279	433106	324167	519719	540222	322292
0.000724395	418972	431648	324518	519505	541481	327662
0.000724751	416804	430162	324951	519338	542810	333456
0.000725119	414787	428645	325452	519194	544204	339660
0.000725499	412945	427134	326086	519073	545673	346293
0.000725894	411318	425636	326910	518999	547244	353340
0.000726305	409947	424110	327878	518963	548932	360727
0.000726736	408859	422565	328970	518920	550727	368400
0.000727189	408107	421062	330303	518888	552632	376331
0.000727666	407773	419594	331932	518908	554667	384383
0.000728171	407909	418134	333779	518911	556820	392374
0.000728705	408563	416774	335937	518875	559072	400221
0.000729274	409851	415535	338514	518852	561459	407765
0.000729882	411835	414420	341441	518732	563954	414830
0.000730541	414589	413558	344927	518560	566511	421383
0.000731223	418054	412972	348762	518274	569003	426902
0.000731852	421656	412789	352475	517872	571095	431042
0.000732438	425303	412889	356120	517457	572889	434165
0.000733002	428991	413217	359693	516905	574445	436589
0.000733561	432716	413814	363331	516301	575761	438548
0.00073413	436550	414610	367073	515588	576905	440086
0.00073472	440468	415657	370980	514699	577858	441351
0.000735337	444408	416955	375101	513741	578586	442429
0.000735914	447917	418273	378892	512691	579042	443258
0.000736429	450825	419559	382258	511683	579209	443966
0.000736904	453289	420758	385306	510741	579169	444595
0.000737353	455432	421870	388127	509761	578987	445208
0.000737787	457291	422947	390819	508773	578655	445899
0.000738212	458895	423965	393401	507814	578172	446684
0.000738634	460287	424890	395869	506812	577556	447561
0.000739058	461474	425745	398289	505739	576796	448580
0.000739488	462435	426536	400706	504663	575856	449780
0.000739926	463173	427217	403081	503579	574727	451153
0.000740378	463702	427774	405417	502398	573415	452740
0.000740846	463991	428237	407796	501147	571884	454640
0.000741335	463999	428560	410197	499876	570076	456881
0.000741851	463723	428702	412581	498495	567953	459492
0.000742398	463133	428714	415080	497014	565444	462594
0.000742966	462202	428563	417584	495531	562537	466122
0.000743552	460962	428255	420008	493945	559252	470077
0.000744158	459415	427889	422557	492342	555525	474563
0.000744785	457579	427453	425108	490724	551284	479495
0.000745428	455525	427081	427732	489043	546539	484854
0.000746076	453319	426821	430460	487423	541345	490481
0.000746717	451076	426747	433168	485806	535820	496232
0.000747344	448883	426952	436036	484303	530037	502016
0.000747957	446774	427391	438906	482853	524006	507676
0.000748562	444766	428165	441938	481432	517692	513281
0.000749171	442871	429254	445223	480085	511013	518840
0.000749795	441077	430729	448747	478713	503823	524438
0.000750438	439419	432645	452689	477364	496062	530043
0.000751113	437931	435028	457013	475987	487544	535603
0.000751841	436625	438074	461986	474569	477977	541242
0.000752639	435602	441830	467631	473102	467106	546875
0.000753515	434949	446450	473966	471551	454707	552361
0.000754417	434838	451548	480358	470074	441523	557054
0.000755288	435207	456676	486164	468725	428451	560689
0.000756131	436012	461700	491140	467483	415522	563333
0.000756971	437191	466599	495295	466336	402363	565030
0.000757825	438734	471408	498567	465186	388778	565899
0.000758684	440606	475907	500893	464108	374910	565893
0.000759521	442640	479954	502551	463046	361128	565108
0.000760318	444780	483390	503844	462086	347858	563655
0.000761079	446900	486325	505474	461118	334984	561777
0.000761827	449071	488823	507872	460227	322159	559451
0.000762583	451268	491029	511816	459230	308991	556715
0.000763302	453355	492799	517336	458331	296312	553796
0.000763974	455265	494242	524499	457413	284358	550924
0.000764614	457013	495401	533106	456564	272805	548010
0.000765243	458700	496431	543298	455676	261415	545092
0.000765875	460266	497316	555079	454760	249879	542098
0.000766521	461798	498150	568239	453863	238133	539092
0.000767183	463248	498953	582530	452840	226139	536079
0.000767858	464564	499719	597075	451876	214054	533087
0.000768535	465774	500528	611141	450830	202237	530276
0.00076921	466801	501332	623814	449858	190882	527663
0.000769885	467712	502240	634660	448844	180178	525345
0.000770571	468476	503201	643468	447863	170135	523203
0.000771281	469143	504347	649969	446899	160983	521340
0.000772008	469697	505614	653999	445919	153293	519768
0.000772739	470131	507050	655513	445046	147718	518582
0.000773453	470493	508567	655002	444224	144878	517718
0.000774131	470767	510136	652980	443583	145050	517206
0.000774767	471015	511709	650113	442970	148245	516993
0.00077537	471247	513252	646770	442561	154349	516964
0.000775952	471482	514847	643193	442178	163429	517128
0.000776524	471750	516414	639518	441880	175753	517376
0.000777094	472053	518021	635883	441700	191634	517764
0.000777662	472407	519667	632455	441525	211331	518277
0.000778227	472842	521260	629362	441494	234892	518810
0.000778783	473344	522851	626780	441515	262039	519411
0.000779325	473926	524365	624775	441556	292293	520015
0.000779851	474621	525768	623385	441733	325156	520596
0.000780362	475422	527121	622649	441927	360206	521213
0.000780862	476342	528366	622470	442146	397166	521784
0.000781354	477433	529498	622818	442462	435839	522290
0.000781841	478713	530583	623734	442787	475920	522793
0.000782325	480192	531569	625125	443132	516912	523252
0.000782804	481914	532424	626914	443569	558147	523643
0.000783275	483895	533204	629118	444010	598778	524017
0.000783736	486117	533884	631623	444434	637931	524334
0.000784185	488597	534426	634304	444916	674932	524552
0.000784622	491353	534883	637173	445419	709321	524724
0.000785049	494364	535272	640197	445894	740779	524874
0.000785466	497630	535556	643250	446387	769122	524961
0.000785874	501179	535752	646299	446910	794261	524989
0.000786276	505025	535909	649390	447415	816130	524994
0.000786672	509143	536020	652478	447906	834668	524960
0.000787062	513517	536056	655463	448427	849866	524858
0.000787446	518142	536041	658324	448964	861797	524713
0.000787823	522993	536014	661091	449476	870586	524561
0.000788191	528011	535969	663717	449967	876412	524393
0.00078855	533139	535886	666121	450468	879540	524181
0.000788898	538343	535781	668298	450972	880305	523936
0.000789237	543587	535682	670300	451453	879059	523683
0.000789565	548825	535592	672133	451914	876134	523422
0.000789883	554021	535493	673759	452373	871827	523138
0.000790192	559160	535383	675160	452833	866406	522828
0.000790495	564238	535279	676367	453281	860099	522511
0.000790791	569246	535193	677426	453707	853096	522201
0.000791081	574164	535123	678351	454122	845545	521893
0.000791367	578968	535051	679119	454543	837568	521569
0.000791649	583640	534973	679712	454971	829276	521223
0.000791927	588168	534898	680141	455396	820769	520862
0.000792202	592537	534838	680437	455806	812136	520498
0.000792474	596727	534795	680619	456206	803448	520136
0.000792743	600710	534760	680680	456605	794757	519768
0.00079301	604463	534720	680601	457008	786106	519388
0.000793274	607966	534676	680378	457410	777533	518996
0.000793535	611205	534634	680031	457805	769068	518603
0.000793794	614167	534603	679587	458190	760733	518216
0.000794051	616838	534580	679059	458573	752539	517832
0.000794306	619200	534557	678437	458961	744487	517441
0.00079456	621240	534526	677707	459353	736576	517035
0.000794812	622948	534488	676864	459742	728807	516617
0.000795063	624317	534449	675925	460120	721180	516193
0.000795314	625342	534415	674911	460490	713696	515771
0.000795564	626013	534383	673833	460859	706352	515353
0.000795814	626319	534344	672685	461236	699143	514931
0.000796064	626253	534294	671454	461620	692063	514500
0.000796315	625808	534231	670136	462003	685112	514062
0.000796566	624983	534162	668741	462381	678293	513619
0.000796819	623780	534093	667286	462754	671608	513177
0.000797072	622197	534023	665782	463130	665064	512734
0.000797327	620233	533943	664223	463514	658662	512282
0.000797584	617890	533849	662598	463901	652406	511816
0.000797843	615173	533739	660904	464285	646303	511337
0.000798103	612095	533619	659153	464663	640362	510853
0.000798365	608670	533494	657366	465040	634589	510372
0.00079863	604916	533362	655552	465427	628985	509891
0.000798898	600846	533217	653705	465827	623546	509406
0.000799169	596477	533055	651811	466232	618264	508911
0.000799443	591833	532877	649869	466630	613133	508405
0.000799721	586940	532689	647890	467022	608146	507893
0.000800004	581825	532492	645892	467419	603294	507375
0.000800293	576514	532280	643875	467833	598561	506847
0.000800588	571034	532048	641829	468262	593930	506301
0.00080089	565420	531794	639744	468694	589384	505739
0.000801201	559716	531525	637628	469124	584910	505169
0.000801522	553974	531246	635498	469570	580496	504596
0.000801853	548245	530949	633352	470043	576122	504012
0.000802197	542583	530624	631170	470534	571765	503405
0.000802556	537062	530272	628948	471024	567408	502773
0.000802933	531774	529903	626710	471531	563048	502120
0.000803329	526828	529515	624468	472089	558682	501443
0.000803749	522351	529096	622195	472689	554310	500734
0.000804186	518580	528661	619933	473286	550037	500020
0.000804636	515686	528225	617742	473902	545924	499318
0.000805104	513785	527778	615609	474569	541962	498605
0.000805597	513003	527322	613486	475256	538119	497867
0.000806121	513542	526873	611387	475994	534400	497114
0.000806691	515699	526416	609268	476831	530823	496337
0.000807319	519844	525960	607055	477725	527424	495540
0.000807991	526229	525551	604860	478735	524455	494744
0.000808696	534834	525198	602634	479807	522150	493945
0.000809418	545340	524936	600419	480937	520729	493208
0.000810131	557078	524765	598209	482081	520322	492543
0.000810807	569021	524705	596097	483206	520816	491965
0.000811416	580204	524706	594133	484254	522018	491458
0.000811936	589803	524767	592391	485143	523568	491064
0.000812388	598081	524859	590852	485959	525293	490746
0.000812796	605392	524962	589431	486710	527136	490464
0.000813173	611929	525080	588082	487398	529046	490212
0.000813526	617810	525213	586793	488055	530989	489983
0.000813861	623132	525350	585553	488698	532958	489764
0.000814182	627970	525489	584345	489318	534954	489552
0.000814492	632372	525633	583159	489912	536970	489352
0.000814793	636367	525788	581992	490495	538987	489168
0.000815089	639976	525950	580842	491081	540996	488997
0.000815381	643224	526112	579697	491674	542995	488826
0.000815671	646134	526271	578545	492263	544989	488649
0.000815961	648717	526432	577381	492844	546981	488468
0.000816253	650966	526604	576202	493428	548962	488287
0.000816549	652866	526787	575005	494030	550927	488106
0.000816852	654401	526973	573778	494655	552875	487920
0.000817163	655552	527157	572507	495300	554815	487722
0.000817486	656286	527344	571181	495962	556754	487519
0.00081782	656538	527542	569815	496647	558650	487319
0.000818161	656250	527745	568419	497356	560446	487118
0.00081851	655389	527944	566981	498078	562119	486902
0.000818867	653930	528135	565492	498804	563666	486665
0.000819235	651838	528329	563965	499544	565074	486421
0.000819615	649052	528529	562401	500318	566308	486182
0.000820007	645507	528718	560769	501115	567330	485936
0.000820416	641164	528890	559050	501917	568120	485677
0.000820842	635967	529065	557253	502741	568653	485418
0.000821292	629794	529244	555358	503609	568862	485153
0.000821775	622457	529400	553280	504507	568672	484858
0.000822274	614235	529535	551112	505410	568072	484568
0.000822736	606151	529655	549107	506247	567163	484340
0.000823165	598306	529743	547189	506987	565996	484146
0.000823574	590628	529806	545312	507661	564617	483971
0.00082397	583075	529862	543492	508322	563056	483829
0.000824357	575685	529910	541713	508965	561332	483715
0.000824725	568652	529936	539961	509549	559503	483623
0.000825074	562053	529950	538252	510087	557626	483561
0.000825406	555907	529964	536623	510608	555737	483541
0.000825722	550204	529978	535074	511109	553853	483556
0.000826022	544918	529984	533574	511573	551978	483593
0.000826308	540027	529978	532105	512001	550119	483644
0.000826581	535512	529967	530677	512412	548291	483712
0.000826843	531355	529959	529310	512821	546506	483802
0.000827093	527534	529955	528008	513226	544772	483915
0.000827333	524019	529950	526756	513613	543088	484048
0.000827564	520782	529942	525533	513975	541451	484195
0.000827785	517800	529930	524332	514316	539860	484356
0.000827999	515053	529915	523159	514645	538318	484532
0.000828204	512526	529902	522025	514972	536826	484724
0.000828402	510206	529891	520940	515299	535388	484931
0.000828593	508075	529883	519906	515624	534004	485150
0.000828776	506120	529875	518916	515939	532672	485378
0.000828953	504324	529865	517959	516238	531389	485612
0.000829123	502672	529854	517028	516522	530155	485849
0.000829287	501150	529842	516118	516793	528965	486090
0.000829446	499745	529830	515231	517055	527819	486335
0.000829599	498446	529819	514369	517313	526715	486587
0.000829747	497244	529810	513535	517569	525650	486845
0.000829891	496129	529803	512733	517823	524625	487110
0.000830031	495093	529798	511961	518074	523636	487382
0.000830167	494130	529793	511218	518319	522683	487660
0.000830299	493233	529789	510499	518556	521762	487942
0.000830428	492395	529783	509800	518784	520872	488229
0.000830554	491610	529777	509116	519001	520010	488519
0.000830678	490874	529770	508444	519211	519174	488813
0.000830798	490181	529761	507782	519413	518362	489110
0.000830916	489528	529753	507131	519612	517572	489410
0.000831032	488912	529745	506490	519808	516803	489714
0.000831145	488330	529738	505863	520002	516054	490022
0.000831256	487779	529733	505251	520197	515325	490334
0.000831366	487258	529728	504654	520390	514614	490650
0.000831473	486764	529726	504074	520582	513921	490971
0.000831579	486296	529724	503509	520772	513245	491295
0.000831683	485852	529722	502960	520957	512587	491622
0.000831786	485431	529721	502424	521137	511944	491952
0.000831887	485029	529720	501899	521310	511318	492286
0.000831987	484647	529718	501382	521477	510706	492622
0.000832086	484283	529716	500873	521638	510108	492960
0.000832183	483934	529713	500369	521792	509523	493302
0.000832279	483599	529710	499869	521942	508951	493647
0.000832375	483278	529706	499373	522088	508391	493996
0.000832469	482970	529702	498880	522231	507842	494349
0.000832563	482672	529699	498393	522373	507304	494706
0.000832655	482385	529696	497911	522514	506776	495069
0.000832747	482107	529694	497436	522655	506257	495437
0.000832838	481839	529692	496969	522795	505749	495810
0.000832929	481580	529692	496510	522934	505249	496189
0.000833019	481329	529692	496060	523072	504759	496574
0.000833108	481086	529692	495619	523208	504278	496965
0.000833197	480851	529693	495188	523341	503805	497361
0.000833285	480624	529694	494763	523470	503341	497762
0.000833373	480403	529695	494346	523595	502884	498169
0.000833461	480190	529696	493934	523715	502436	498581
0.000833548	479982	529696	493526	523831	501994	498998
0.000833635	479780	529696	493120	523942	501559	499421
0.000833722	479584	529695	492716	524049	501131	499849
0.000833809	479392	529695	492313	524152	500709	500284
0.000833896	479204	529694	491910	524253	500292	500725
0.000833983	479020	529694	491506	524353	499879	501173
0.00083407	478840	529694	491102	524451	499471	501629
0.000834157	478662	529694	490700	524550	499068	502093
0.000834245	478487	529695	490298	524648	498668	502566
0.000834332	478314	529697	489899	524746	498271	503048
0.00083442	478143	529700	489503	524845	497878	503541
0.000834509	477974	529703	489111	524942	497489	504044
0.000834598	477807	529707	488723	525038	497102	504559
0.000834688	477642	529711	488339	525131	496718	505086
0.000834779	477478	529716	487958	525221	496338	505626
0.00083487	477316	529720	487581	525307	495960	506179
0.000834963	477156	529724	487204	525389	495585	506747
0.000835057	476997	529727	486828	525466	495213	507331
0.000835152	476839	529730	486449	525539	494842	507932
0.000835249	476681	529732	486066	525608	494473	508553
0.000835348	476524	529734	485677	525674	494105	509195
0.000835448	476367	529736	485281	525739	493737	509862
0.000835552	476208	529738	484876	525804	493368	510557
0.000835658	476047	529741	484462	525871	492996	511283
0.000835768	475884	529746	484038	525941	492621	512046
0.000835882	475716	529752	483606	526013	492241	512851
0.000836	475544	529760	483166	526089	491854	513706
0.000836125	475366	529770	482717	526165	491458	514619
0.000836256	475182	529782	482258	526240	491052	515602
0.000836397	474989	529794	481784	526312	490631	516673
0.00083655	474785	529807	481287	526377	490193	517856
0.000836719	474567	529819	480748	526434	489728	519193
0.000836914	474325	529831	480137	526489	489223	520760
0.000837154	474040	529846	479393	526553	488642	522732
0.000837485	473657	529874	478392	526660	487906	525552
0.000837884	473215	529921	477299	526795	487121	529092
0.000838221	472871	529961	476478	526881	486558	532194
0.000838452	472656	529986	475944	526931	486230	534364
0.000838634	472498	530006	475528	526980	486003	536096
0.00083879	472367	530026	475171	527033	485827	537615
0.000838933	472252	530045	474852	527092	485681	539008
0.000839065	472146	530065	474565	527153	485556	540316
0.00083919	472048	530086	474305	527215	485448	541563
0.00083931	471957	530105	474068	527276	485353	542760
0.000839425	471872	530124	473852	527333	485271	543919
0.000839536	471792	530142	473652	527387	485201	545046
0.000839644	471718	530159	473466	527439	485141	546147
0.00083975	471649	530175	473289	527490	485092	547225
0.000839854	471586	530190	473120	527541	485053	548286
0.000839956	471527	530205	472955	527595	485023	549332
0.000840057	471473	530221	472792	527653	485002	550367
0.000840157	471422	530237	472632	527716	484988	551392
0.000840255	471374	530253	472472	527785	484982	552411
0.000840353	471329	530271	472315	527860	484983	553425
0.000840451	471286	530290	472161	527941	484990	554435
0.000840548	471244	530310	472010	528028	485003	555444
0.000840645	471203	530330	471864	528118	485021	556451
0.000840742	471163	530352	471723	528212	485045	557459
0.000840839	471124	530373	471588	528307	485074	558467
0.000840936	471086	530394	471460	528403	485108	559477
0.000841033	471050	530415	471338	528500	485149	560488
0.000841131	471015	530436	471220	528597	485196	561502
0.00084123	470982	530456	471106	528695	485250	562519
0.000841329	470951	530476	470993	528795	485311	563541
0.000841429	470922	530496	470881	528898	485380	564566
0.00084153	470897	530516	470767	529006	485456	565598
0.000841633	470873	530536	470651	529121	485540	566636
0.000841736	470851	530558	470531	529245	485632	567681
0.000841841	470831	530581	470408	529377	485732	568734
0.000841948	470812	530605	470283	529519	485839	569796
0.000842056	470794	530632	470156	529671	485952	570868
0.000842166	470775	530660	470029	529830	486073	571949
0.000842278	470755	530689	469905	529996	486201	573040
0.000842393	470736	530719	469784	530167	486336	574140
0.00084251	470716	530749	469668	530342	486480	575250
0.00084263	470696	530780	469556	530521	486634	576370
0.000842753	470677	530811	469447	530705	486800	577499
0.000842879	470659	530841	469337	530894	486978	578638
0.000843008	470643	530873	469225	531093	487171	579788
0.000843141	470630	530905	469105	531305	487380	580947
0.000843279	470617	530939	468976	531533	487604	582117
0.00084342	470604	530975	468836	531779	487845	583294
0.000843566	470590	531014	468687	532041	488098	584470
0.000843715	470572	531055	468532	532316	488364	585638
0.000843867	470548	531097	468376	532599	488638	586790
0.000844023	470520	531139	468222	532886	488922	587916
0.000844181	470487	531179	468073	533174	489215	589011
0.000844342	470451	531218	467925	533463	489519	590066
0.000844507	470413	531256	467773	533758	489834	591077
0.000844674	470375	531294	467611	534065	490163	592039
0.000844844	470334	531334	467434	534387	490504	592949
0.000845018	470288	531376	467238	534728	490855	593800
0.000845195	470233	531419	467027	535085	491214	594586
0.000845376	470166	531461	466806	535449	491578	595300
0.000845561	470083	531499	466580	535815	491947	595932
0.000845751	469985	531533	466352	536180	492321	596471
0.000845946	469873	531560	466116	536544	492702	596908
0.000846145	469750	531583	465863	536916	493093	597233
0.000846351	469615	531603	465582	537304	493493	597435
0.000846562	469465	531621	465265	537711	493898	597501
0.000846779	469293	531637	464915	538133	494300	597416
0.000847001	469092	531644	464542	538556	494691	597159
0.000847228	468860	531637	464158	538970	495066	596714
0.00084746	468599	531614	463763	539375	495426	596069
0.000847696	468312	531575	463347	539779	495774	595215
0.000847937	468000	531522	462892	540191	496110	594149
0.000848181	467659	531455	462388	540613	496428	592867
0.00084843	467280	531368	461840	541030	496718	591358
0.000848682	466857	531254	461264	541427	496972	589611
0.000848939	466392	531107	460672	541799	497186	587618
0.000849201	465889	530926	460056	542156	497364	585377
0.000849466	465352	530714	459400	542515	497505	582893
0.000849736	464778	530468	458689	542874	497603	580172
0.000850008	464157	530180	457926	543219	497645	577216
0.000850284	463485	529837	457134	543531	497623	574032
0.000850563	462768	529435	456326	543807	497539	570638
0.000850843	462018	528978	455495	544062	497403	567062
0.000851125	461240	528470	454620	544308	497214	563333
0.000851409	460429	527906	453694	544540	496966	559471
0.000851694	459579	527272	452733	544742	496645	555486
0.000851981	458688	526558	451760	544906	496249	551391
0.000852269	457768	525764	450783	545041	495786	547212
0.000852558	456829	524897	449783	545163	495262	542982
0.000852849	455873	523959	448741	545274	494677	538726
0.00085314	454893	522939	447659	545359	494025	534460
0.000853433	453888	521825	446564	545406	493301	530198
0.000853727	452867	520617	445475	545421	492512	525959
0.000854023	451839	519321	444387	545422	491666	521772
0.00085432	450808	517942	443274	545417	490764	517655
0.00085462	449769	516471	442127	545397	489796	513613
0.000854922	448719	514896	440965	545347	488756	509645
0.000855226	447666	513217	439815	545264	487649	505764
0.000855533	446623	511448	438678	545164	486487	501993
0.000855842	445594	509597	437531	545059	485275	498355
0.000856155	444574	507659	436358	544943	484008	494853
0.000856472	443559	505623	435177	544804	482681	491482
0.00085679	442566	503509	434030	544640	481309	488274
0.000857103	441625	501383	432943	544470	479931	485303
0.00085741	440743	499276	431891	544307	478560	482580
0.00085771	439915	497192	430857	544142	477194	480087
0.000858005	439134	495125	429851	543966	475834	477798
0.000858295	438402	493082	428901	543775	474487	475705
0.000858581	437722	491077	428011	543583	473163	473805
0.000858863	437093	489121	427160	543402	471861	472096
0.000859142	436509	487214	426323	543232	470577	470564
0.00085942	435965	485351	425497	543060	469306	469189
0.000859696	435463	483532	424699	542877	468047	467960
0.000859971	435007	481770	423947	542684	466808	466877
0.000860246	434599	480076	423235	542494	465590	465944
0.000860521	434234	478457	422541	542317	464394	465160
0.000860796	433908	476907	421848	542149	463216	464516
0.000861073	433619	475424	421162	541977	462055	464004
0.000861352	433372	474012	420504	541793	460916	463624
0.000861634	433173	472685	419887	541604	459804	463387
0.000861921	433024	471455	419296	541425	458714	463297
0.000862214	432921	470320	418699	541259	457639	463353
0.000862514	432864	469273	418081	541090	456571	463544
0.000862826	432860	468313	417465	540899	455513	463874
0.000863151	432922	467458	416878	540691	454470	464367
0.000863496	433063	466731	416311	540491	453437	465058
0.000863868	433293	466144	415708	540307	452402	465976
0.000864279	433641	465704	415040	540091	451351	467159
0.000864754	434185	465470	414352	539806	450279	468728
0.000865356	435085	465594	413584	539501	449123	470995
0.000866058	436415	466195	412703	539128	448048	473870
0.000866685	437905	467116	412082	538784	447380	476621
0.000867236	439415	468141	411534	538512	446977	479099
0.0008677	440851	469103	411109	538216	446772	481171
0.000868096	442198	469995	410832	537975	446700	482919
0.000868449	443490	470829	410596	537792	446697	484452
0.000868778	444758	471604	410357	537603	446744	485825
0.00086909	446030	472334	410142	537381	446837	487079
0.000869391	447323	473037	409979	537153	446975	488248
0.000869685	448640	473719	409857	536951	447143	489346
0.000869973	449981	474372	409739	536768	447328	490370
0.00087026	451352	474988	409607	536572	447527	491313
0.000870545	452770	475568	409476	536338	447745	492178
0.000870833	454248	476124	409380	536081	447987	492981
0.000871123	455793	476661	409325	535834	448251	493731
0.000871419	457405	477172	409282	535603	448527	494424
0.000871723	459090	477640	409219	535353	448809	495044
0.000872037	460871	478059	409142	535047	449101	495584
0.000872364	462775	478438	409096	534695	449408	496046
0.0008727	464779	478779	409106	534354	449718	496424
0.000873037	466820	479059	409130	534037	450005	496692
0.000873373	468877	479258	409125	533689	450259	496834
0.000873709	470957	479378	409114	533283	450488	496858
0.000874044	473065	479439	409148	532865	450697	496786
0.000874381	475194	479447	409226	532479	450873	496626
0.000874718	477334	479390	409296	532093	450998	496362
0.000875057	479483	479259	409336	531652	451068	495982
0.000875397	481646	479066	409392	531173	451088	495499
0.000875738	483817	478830	409500	530714	451056	494930
0.00087608	485978	478547	409629	530280	450959	494279
0.000876422	488114	478204	409723	529809	450790	493535
0.000876764	490230	477805	409797	529283	450553	492706
0.000877107	492332	477372	409908	528760	450252	491815
0.00087745	494412	476916	410067	528279	449877	490872
0.000877794	496452	476422	410217	527794	449412	489862
0.000878139	498447	475882	410321	527250	448857	488782
0.000878484	500397	475312	410423	526681	448224	487651
0.000878827	502299	474734	410571	526155	447519	486499
0.000879169	504136	474147	410738	525657	446737	485330
0.000879508	505899	473540	410866	525125	445875	484139
0.000879844	507591	472916	410960	524556	444941	482929
0.000880179	509215	472291	411073	524013	443943	481720
0.00088051	510769	471674	411220	523520	442880	480520
0.000880839	512246	471058	411354	523023	441752	479322
0.000881166	513646	470437	411438	522481	440564	478125
0.000881489	514974	469823	411499	521931	439330	476942
0.000881809	516232	469230	411586	521431	438057	475793
0.000882126	517418	468660	411697	520973	436747	474682
0.000882439	518529	468104	411782	520498	435401	473597
0.000882748	519568	467560	411813	519985	434024	472534
0.000883053	520539	467040	411818	519479	432624	471503
0.000883354	521447	466556	411840	519024	431208	470513
0.000883651	522295	466109	411877	518602	429782	469566
0.000883944	523082	465691	411893	518166	428349	468654
0.000884234	523812	465299	411859	517699	426915	467776
0.00088452	524488	464940	411791	517238	425485	466936
0.000884802	525114	464621	411723	516819	424061	466140
0.000885082	525691	464347	411670	516436	422648	465388
0.000885357	526224	464114	411608	516049	421248	464670
0.000885629	526715	463917	411506	515632	419870	463982
0.000885897	527167	463758	411361	515205	418518	463323
0.000886161	527582	463642	411197	514804	417198	462700
0.000886421	527960	463574	411043	514446	415914	462118
0.000886676	528305	463551	410900	514109	414669	461575
0.000886929	528619	463567	410748	513762	413468	461063
0.000887177	528908	463618	410563	513390	412314	460579
0.000887421	529175	463706	410342	513012	411207	460120
0.000887662	529421	463836	410103	512657	410150	459689
0.000887899	529646	464008	409871	512335	409141	459286
0.000888132	529853	464222	409655	512033	408184	458910
0.000888362	530045	464471	409445	511728	407282	458555
0.000888587	530226	464750	409225	511406	406440	458218
0.000888809	530397	465056	408983	511074	405660	457896
0.000889026	530558	465391	408724	510752	404941	457594
0.00088924	530710	465757	408464	510454	404284	457312
0.00088945	530852	466152	408218	510182	403685	457051
0.000889656	530987	466575	407993	509923	403147	456810
0.000889857	531118	467021	407783	509659	402670	456583
0.000890055	531248	467487	407576	509384	402254	456366
0.000890249	531379	467968	407366	509099	401900	456156
0.000890439	531510	468465	407150	508818	401606	455954
0.000890625	531640	468977	406936	508553	401369	455760
0.000890807	531769	469505	406735	508309	401187	455574
0.000890986	531895	470047	406556	508083	401057	455398
0.000891161	532019	470601	406402	507867	400979	455231
0.000891332	532144	471164	406271	507649	400954	455069
0.0008915	532271	471735	406156	507424	400981	454913
0.000891665	532402	472312	406049	507192	401060	454759
0.000891827	532538	472893	405946	506959	401190	454607
0.000891985	532679	473480	405847	506731	401369	454458
0.000892141	532823	474073	405756	506514	401594	454313
0.000892295	532969	474671	405680	506311	401862	454170
0.000892446	533117	475275	405622	506121	402171	454031
0.000892594	533266	475883	405589	505937	402520	453894
0.00089274	533416	476496	405579	505756	402908	453758
0.000892884	533570	477110	405590	505571	403336	453621
0.000893025	533728	477725	405619	505382	403802	453483
0.000893164	533892	478339	405661	505189	404308	453343
0.000893302	534060	478953	405712	504996	404853	453200
0.000893437	534235	479566	405771	504806	405435	453054
0.00089357	534414	480179	405838	504623	406054	452907
0.000893702	534597	480792	405914	504449	406707	452758
0.000893832	534783	481406	406004	504285	407392	452609
0.00089396	534971	482020	406110	504128	408109	452459
0.000894087	535162	482634	406234	503975	408857	452308
0.000894212	535356	483249	406377	503823	409635	452157
0.000894336	535553	483863	406539	503669	410444	452004
0.000894458	535754	484477	406717	503511	411284	451850
0.000894579	535959	485088	406908	503349	412154	451692
0.000894699	536171	485697	407110	503185	413056	451531
0.000894817	536388	486304	407319	503021	413988	451367
0.000894935	536610	486908	407536	502860	414950	451199
0.000895051	536838	487509	407759	502703	415942	451027
0.000895166	537069	488109	407989	502553	416961	450851
0.00089528	537304	488707	408227	502409	418007	450673
0.000895393	537541	489304	408475	502271	419079	450491
0.000895505	537781	489899	408736	502138	420176	450305
0.000895617	538023	490494	409009	502007	421298	450117
0.000895727	538267	491086	409296	501876	422445	449925
0.000895837	538515	491678	409596	501744	423617	449729
0.000895946	538766	492267	409908	501608	424814	449529
0.000896054	539022	492855	410230	501470	426038	449325
0.000896162	539284	493440	410560	501329	427290	449116
0.000896269	539550	494022	410896	501188	428568	448903
0.000896375	539823	494603	411235	501047	429874	448684
0.000896481	540101	495181	411577	500908	431208	448462
0.000896586	540385	495757	411921	500773	432568	448234
0.000896691	540673	496332	412268	500642	433955	448003
0.000896795	540966	496904	412617	500515	435368	447767
0.000896899	541262	497476	412971	500392	436807	447528
0.000897003	541561	498047	413331	500271	438271	447284
0.000897106	541862	498616	413698	500152	439761	447036
0.00089721	542167	499185	414073	500032	441276	446784
0.000897312	542475	499754	414456	499910	442818	446527
0.000897415	542787	500321	414847	499787	444387	446265
0.000897518	543104	500888	415246	499660	445986	445997
0.000897621	543427	501453	415649	499531	447614	445723
0.000897723	543756	502018	416057	499401	449274	445442
0.000897826	544092	502582	416467	499270	450967	445154
0.000897929	544435	503146	416877	499141	452694	444858
0.000898032	544786	503711	417286	499013	454456	444555
0.000898136	545145	504275	417694	498888	456254	444244
0.00089824	545511	504841	418102	498766	458089	443924
0.000898345	545885	505408	418508	498647	459962	443596
0.00089845	546265	505978	418915	498529	461874	443260
0.000898556	546652	506550	419325	498412	463827	442915
0.000898662	547046	507126	419738	498294	465824	442560
0.00089877	547448	507706	420157	498173	467866	442196
0.000898879	547858	508290	420581	498047	469958	441822
0.000898989	548278	508879	421010	497918	472103	441436
0.0008991	548710	509473	421445	497783	474306	441038
0.000899213	549155	510074	421884	497645	476574	440626
0.000899328	549616	510680	422325	497504	478912	440199
0.000899446	550094	511295	422766	497362	481327	439756
0.000899565	550590	511919	423207	497220	483828	439294
0.000899688	551108	512553	423645	497079	486423	438812
0.000899814	551648	513202	424082	496939	489122	438307
0.000899944	552212	513866	424519	496798	491940	437775
0.000900079	552803	514550	424961	496653	494891	437213
0.00090022	553425	515259	425411	496502	498000	436616
0.000900368	554086	515999	425876	496340	501296	435976
0.000900525	554795	516777	426360	496164	504826	435283
0.000900693	555570	517604	426867	495970	508654	434521
0.000900877	556436	518500	427400	495757	512887	433666
0.000901085	557437	519496	427964	495522	517706	432677
0.000901332	558656	520658	428575	495256	523484	431468
0.000901633	560171	522044	429240	494941	530557	429952
0.000901933	561697	523393	429853	494620	537591	428403
0.000902203	563097	524585	430389	494319	543924	426967
0.000902443	564362	525619	430846	494056	549497	425666
0.000902655	565503	526514	431227	493833	554381	424492
0.000902843	566532	527295	431543	493642	558664	423433
0.00090301	567456	527979	431810	493475	562426	422477
0.000903161	568290	528584	432044	493323	565749	421608
0.000903297	569051	529129	432258	493182	568728	420809
0.000903424	569756	529628	432460	493048	571443	420063
0.000903543	570419	530092	432657	492921	573946	419358
0.000903656	571048	530526	432851	492799	576277	418686
0.000903763	571651	530936	433043	492682	578461	418041
0.000903866	572231	531325	433233	492572	580521	417419
0.000903966	572793	531697	433422	492468	582471	416817
0.000904062	573340	532053	433608	492368	584323	416231
0.000904155	573873	532395	433792	492274	586087	415660
0.000904246	574395	532726	433975	492183	587769	415102
0.000904335	574905	533045	434156	492096	589377	414555
0.000904422	575405	533355	434335	492011	590914	414019
0.000904507	575896	533657	434515	491928	592385	413492
0.00090459	576377	533950	434696	491846	593794	412973
0.000904673	576850	534237	434879	491764	595142	412462
0.000904753	577314	534517	435065	491683	596432	411957
0.000904833	577771	534792	435254	491601	597668	411459
0.000904912	578221	535061	435449	491520	598850	410966
0.00090499	578665	535326	435649	491439	599981	410478
0.000905067	579103	535586	435854	491359	601063	409995
0.000905143	579535	535842	436066	491280	602096	409516
0.000905218	579963	536094	436284	491201	603083	409040
0.000905293	580387	536342	436508	491124	604025	408567
0.000905368	580808	536587	436738	491048	604921	408098
0.000905442	581226	536829	436973	490973	605775	407630
0.000905515	581642	537068	437214	490900	606585	407165
0.000905588	582055	537305	437459	490828	607352	406701
0.000905661	582467	537538	437709	490757	608078	406239
0.000905733	582876	537769	437963	490687	608761	405779
0.000905805	583284	537998	438221	490618	609402	405319
0.000905877	583690	538224	438483	490549	610000	404860
0.000905949	584093	538449	438749	490479	610555	404402
0.000906021	584495	538672	439020	490410	611066	403945
0.000906093	584895	538893	439296	490339	611534	403488
0.000906164	585292	539112	439577	490268	611957	403031
0.000906236	585687	539330	439865	490196	612334	402574
0.000906308	586079	539548	440158	490123	612665	402118
0.000906379	586469	539764	440460	490049	612949	401661
0.000906451	586856	539979	440769	489974	613185	401205
0.000906523	587242	540194	441086	489900	613373	400748
0.000906595	587625	540408	441413	489825	613512	400291
0.000906668	588007	540623	441748	489750	613600	399833
0.00090674	588387	540836	442093	489676	613637	399375
0.000906813	588766	541050	442448	489603	613622	398916
0.000906886	589144	541264	442812	489530	613554	398456
0.00090696	589522	541478	443184	489458	613431	397995
0.000907034	589899	541692	443566	489388	613252	397532
0.000907108	590276	541906	443956	489317	613015	397068
0.000907183	590653	542121	444354	489248	612719	396602
0.000907258	591030	542336	444759	489178	612362	396134
0.000907334	591406	542551	445171	489107	611941	395664
0.00090741	591782	542768	445591	489036	611453	395191
0.000907487	592157	542984	446017	488964	610897	394715
0.000907565	592530	543202	446450	488890	610268	394236
0.000907643	592902	543421	446891	488813	609564	393754
0.000907722	593272	543641	447340	488735	608782	393269
0.000907802	593639	543862	447798	488655	607917	392780
0.000907883	594004	544084	448265	488572	606965	392288
0.000907965	594365	544309	448742	488488	605924	391791
0.000908048	594724	544535	449232	488403	604788	391291
0.000908132	595079	544764	449733	488317	603553	390786
0.000908217	595431	544995	450247	488230	602214	390276
0.000908304	595780	545229	450775	488144	600766	389762
0.000908391	596126	545466	451316	488058	599205	389242
0.00090848	596469	545707	451871	487972	597522	388717
0.000908571	596810	545950	452439	487887	595713	388186
0.000908663	597148	546198	453019	487801	593769	387649
0.000908758	597483	546449	453612	487715	591681	387105
0.000908854	597814	546705	454215	487626	589441	386553
0.000908952	598142	546966	454829	487535	587036	385994
0.000909052	598463	547231	455453	487440	584455	385426
0.000909155	598778	547503	456087	487341	581682	384849
0.00090926	599083	547781	456733	487237	578702	384263
0.000909369	599379	548066	457392	487129	575497	383666
0.00090948	599661	548360	458065	487016	572046	383059
0.000909595	599930	548663	458756	486900	568325	382439
0.000909714	600182	548976	459468	486783	564308	381807
0.000909838	600417	549302	460201	486664	559964	381160
0.000909966	600632	549641	460958	486544	555256	380498
0.0009101	600825	549995	461739	486422	550140	379816
0.000910241	600992	550367	462542	486297	544563	379114
0.000910389	601129	550758	463368	486163	538456	378386
0.000910545	601226	551172	464213	486016	531733	377629
0.000910712	601272	551613	465078	485854	524278	376838
0.000910891	601249	552086	465964	485674	515985	376009
0.000911081	601138	552590	466863	485483	506856	375154
0.000911279	600923	553122	467770	485290	496921	374285
0.000911487	600591	553683	468682	485101	486200	373411
0.000911703	600131	554272	469588	484915	474702	372539
0.000911927	599527	554890	470470	484720	462428	371672
0.00091216	598757	555535	471310	484505	449375	370814
0.000912402	597788	556208	472096	484268	435538	369967
0.000912653	596590	556913	472835	484022	420934	369136
0.000912913	595135	557654	473542	483784	405620	368331
0.000913182	593409	558432	474226	483556	389709	367560
0.000913458	591406	559244	474870	483321	373383	366831
0.00091374	589117	560084	475447	483063	356850	366150
0.000914026	586526	560947	475949	482791	340322	365527
0.000914314	583627	561832	476400	482531	323996	364972
0.000914605	580428	562740	476829	482296	308068	364493
0.000914898	576948	563669	477241	482063	292719	364090
0.000915191	573204	564615	477612	481807	278114	363758
0.000915482	569235	565565	477929	481536	264488	363495
0.000915768	565101	566512	478209	481285	252056	363301
0.000916049	560825	567460	478487	481071	240837	363176
0.000916326	556427	568413	478778	480871	230825	363118
0.0009166	551930	569368	479065	480655	222023	363122
0.00091687	547355	570322	479327	480419	214430	363182
0.000917138	542721	571273	479567	480188	208033	363292
0.000917403	538049	572226	479808	479985	202809	363453
0.000917665	533369	573183	480076	479807	198733	363660
0.000917924	528716	574146	480375	479628	195777	363910
0.000918181	524123	575110	480689	479429	193907	364195
0.000918435	519612	576071	481003	479218	193073	364509
0.000918687	515200	577030	481319	479020	193217	364851
0.000918938	510905	577991	481657	478852	194287	365223
0.000919187	506748	578956	482040	478703	196238	365625
0.000919436	502753	579930	482474	478546	199032	366058
0.000919685	498941	580911	482948	478362	202638	366515
0.000919935	495330	581902	483451	478163	207026	366994
0.000920187	491934	582906	483982	477974	212175	367492
0.000920443	488774	583930	484566	477816	218073	368011
0.000920704	485882	584981	485230	477678	224732	368555
0.000920971	483301	586065	485989	477525	232175	369126
0.000921247	481082	587184	486838	477334	240442	369723
0.000921532	479287	588343	487763	477121	249566	370347
0.000921824	478007	589527	488753	476932	259391	370989
0.000922118	477316	590726	489827	476783	269736	371642
0.000922415	477262	591939	491010	476632	280524	372305
0.000922714	477886	593161	492292	476441	291692	372967
0.000923015	479214	594386	493640	476228	303181	373622
0.000923319	481259	595612	495039	476045	314922	374266
0.000923626	484032	596843	496510	475906	326847	374904
0.000923934	487548	598080	498083	475762	338901	375539
0.000924246	491812	599320	499748	475567	351032	376168
0.000924559	496807	600554	501470	475350	363171	376784
0.000924874	502496	601781	503231	475174	375243	377385
0.000925192	508837	603004	505055	475045	387178	377977
0.000925512	515789	604223	506972	474898	398921	378557
0.000925834	523311	605430	508965	474695	410420	379121
0.000926158	531343	606620	510992	474484	421615	379666
0.000926484	539810	607796	513045	474325	432435	380201
0.000926813	548629	608964	515154	474195	442802	380736
0.000927144	557715	610119	517340	474022	452646	381272
0.000927476	566982	611248	519571	473804	461900	381800
0.00092781	576333	612346	521800	473614	470493	382316
0.000928144	585666	613419	524027	473481	478358	382829
0.00092848	594897	614472	526284	473339	485447	383348
0.000928817	603953	615499	528570	473132	491730	383873
0.000929155	612771	616491	530846	472914	497190	384400
0.000929494	621286	617449	533085	472758	501810	384937
0.000929834	629434	618380	535312	472634	505575	385491
0.000930176	637163	619285	537550	472461	508486	386061
0.000930519	644434	620154	539773	472242	510558	386636
0.000930862	651208	620983	541935	472062	511817	387209
0.000931206	657455	621780	544038	471938	512296	387791
0.00093155	663154	622550	546122	471793	512036	388388
0.000931894	668294	623287	548193	471591	511081	388992
0.000932239	672874	623981	550209	471403	509478	389590
0.000932586	676893	624639	552147	471283	507268	390177
0.000932933	680354	625274	554036	471171	504493	390756
0.000933282	683256	625885	555909	470996	501195	391322
0.000933632	685599	626462	557741	470805	497422	391863
0.000933983	687380	627000	559492	470682	493217	392372
0.000934336	688599	627510	561171	470600	488625	392857
0.000934689	689261	628000	562818	470469	483686	393319
0.000935044	689377	628463	564432	470299	478445	393744
0.000935401	688952	628895	565970	470183	472941	394121
0.000935759	687985	629301	567424	470123	467211	394454
0.000936121	686476	629691	568842	470029	461293	394756
0.000936485	684433	630061	570244	469888	455240	395029
0.000936853	681872	630405	571594	469795	449108	395267
0.000937224	678809	630726	572862	469771	442949	395475
0.000937598	675256	631037	574084	469715	436809	395663
0.000937975	671234	631336	575294	469603	430736	395833
0.000938357	666776	631613	576467	469541	424788	395984
0.000938743	661917	631871	577575	469556	419013	396127
0.000939136	656678	632123	578652	469537	413439	396286
0.000939534	651087	632369	579730	469466	408094	396465
0.00093994	645200	632603	580779	469463	403025	396662
0.000940354	639089	632826	581777	469520	398285	396882
0.000940775	632809	633046	582775	469515	393902	397139
0.000941204	626414	633261	583795	469504	389892	397435
0.000941642	619992	633468	584789	469598	386298	397774
0.000942089	613633	633678	585766	469681	383160	398161
0.000942548	607393	633889	586790	469697	380475	398587
0.000943018	601358	634094	587837	469810	378263	399035
0.000943498	595683	634302	588872	469970	376592	399503
0.000943984	590489	634518	589952	470048	375483	399994
0.000944475	585862	634730	591062	470202	374917	400494
0.000944964	581920	634943	592138	470410	374907	400999
0.000945446	578733	635157	593233	470538	375422	401502
0.000945915	576295	635364	594341	470724	376373	401999
0.000946361	574598	635569	595371	470965	377692	402503
0.000946782	573569	635769	596337	471125	379304	403020
0.000947179	573077	635957	597289	471274	381123	403546
0.000947558	573028	636135	598205	471493	383105	404085
0.000947922	573376	636315	599058	471713	385245	404649
0.000948275	574076	636497	599873	471875	387536	405246
0.000948617	575070	636675	600680	472030	389951	405877
0.000948952	576317	636848	601470	472235	392472	406547
0.000949282	577805	637021	602219	472460	395100	407261
0.000949606	579528	637198	602928	472645	397837	408023
0.000949928	581462	637376	603620	472802	400665	408824
0.000950247	583577	637554	604309	472990	403560	409662
0.000950565	585862	637732	604980	473224	406513	410539
0.000950885	588323	637916	605612	473452	409537	411463
0.000951207	590971	638106	606207	473635	412643	412441
0.000951533	593793	638298	606792	473813	415817	413471
0.000951866	596776	638490	607375	474042	419039	414553
0.000952206	599924	638690	607939	474309	422306	415695
0.000952558	603271	638904	608464	474549	425642	416910
0.000952924	606836	639130	608961	474761	429061	418207
0.000953308	610609	639361	609452	475026	432545	419602
0.000953717	614603	639603	609921	475351	436089	421131
0.000954159	618907	639870	610339	475644	439754	422855
0.000954651	623641	640166	610731	475961	443598	424849
0.000955224	628922	640498	611105	476430	447632	427261
0.000955916	634927	640891	611348	476882	451888	430341
0.000956621	640507	641261	611471	477446	455480	433665
0.00095727	645033	641586	611407	477911	458036	436879
0.000957864	648658	641850	611232	478370	459782	439898
0.000958412	651449	642063	610990	478832	460805	442725
0.000958922	653605	642243	610646	479188	461296	445374
0.0009594	655247	642380	610279	479608	461356	447842
0.000959856	656402	642482	609887	480020	460998	450156
0.000960294	657171	642559	609415	480344	460311	452342
0.00096072	657634	642602	608901	480705	459370	454413
0.000961136	657784	642615	608392	481118	458163	456389
0.000961545	657630	642608	607845	481472	456700	458290
0.000961948	657237	642574	607223	481796	455046	460114
0.000962345	656632	642501	606570	482184	453228	461851
0.000962739	655792	642399	605917	482582	451223	463512
0.000963131	654726	642276	605221	482914	449041	465110
0.000963522	653488	642124	604451	483252	446737	466640
0.000963914	652090	641928	603648	483664	444322	468090
0.000964307	650498	641698	602834	484063	441759	469460
0.000964702	648720	641440	601963	484394	439056	470739
0.0009651	646814	641142	601007	484754	436265	471899
0.000965499	644802	640796	600016	485184	433410	472915
0.000965892	642698	640422	599033	485570	430521	473771
0.000966276	640541	640027	598023	485894	427644	474461
0.00096665	638393	639598	596965	486257	424832	474969
0.000967015	636271	639134	595898	486660	422094	475290
0.000967374	634151	638649	594845	487014	419404	475443
0.000967725	632034	638148	593775	487318	416761	475441
0.000968071	629951	637619	592666	487662	414198	475279
0.000968413	627926	637051	591535	488064	411735	474956
0.000968751	625943	636452	590408	488445	409356	474486
0.000969085	623987	635834	589271	488767	407041	473879
0.000969417	622075	635193	588095	489100	404800	473130
0.000969746	620237	634516	586885	489502	402660	472229
0.000970073	618477	633801	585672	489931	400627	471175
0.000970397	616778	633059	584466	490317	398679	469983
0.000970721	615130	632293	583238	490675	396807	468661
0.000971044	613551	631493	581961	491082	395025	467198
0.000971366	612065	630650	580654	491554	393349	465583
0.000971689	610670	629767	579349	492021	391773	463818
0.000972012	609348	628855	578048	492436	390277	461914
0.000972335	608096	627913	576714	492854	388856	459874
0.00097266	606933	626928	575329	493345	387532	457691
0.000972986	605878	625891	573920	493884	386322	455367
0.000973313	604922	624811	572522	494382	385220	452922
0.000973643	604052	623699	571121	494826	384208	450377
0.000973975	603270	622550	569670	495304	383293	447737
0.00097431	602599	621347	568161	495859	382499	445000
0.000974649	602050	620086	566642	496415	381841	442181
0.000974992	601606	618778	565143	496898	381308	439312
0.000975341	601254	617429	563619	497364	380890	436423
0.000975694	601013	616027	562020	497904	380607	433526
0.000976054	600910	614562	560367	498474	380484	430636
0.000976422	600941	613043	558728	498962	380519	427786
0.000976797	601083	611481	557089	499404	380686	425013
0.000977182	601341	609864	555370	499929	380993	422333
0.000977578	601753	608175	553564	500496	381478	419764
0.000977988	602330	606429	551749	500962	382152	417359
0.000978414	603043	604644	549911	501405	382985	415184
0.000978858	603905	602803	547946	501976	383992	413272
0.000979315	604939	600936	545927	502519	385196	411702
0.000979768	606072	599162	544018	502949	386520	410594
0.000980209	607242	597514	542148	503465	387898	409957
0.000980639	608454	595986	540288	504009	389340	409748
0.000981056	609697	594602	538544	504430	390833	409948
0.000981461	610918	593378	536912	504856	392321	410520
0.000981855	612098	592297	535298	505384	393780	411392
0.000982239	613258	591350	533708	505879	395222	412507
0.000982612	614392	590555	532215	506273	396637	413833
0.000982976	615464	589914	530806	506691	397987	415331
0.00098333	616458	589405	529412	507192	399251	416936
0.000983675	617387	589013	528032	507674	400440	418596
0.000984011	618261	588745	526720	508067	401558	420286
0.00098434	619065	588604	525487	508443	402590	421984
0.000984661	619783	588574	524282	508884	403521	423659
0.000984975	620417	588635	523069	509352	404355	425283
0.000985284	620980	588779	521870	509760	405109	426840
0.000985586	621479	589008	520729	510102	405791	428329
0.000985883	621903	589318	519647	510452	406392	429744
0.000986175	622240	589695	518584	510861	406898	431067
0.000986462	622491	590122	517508	511288	407311	432281
0.000986744	622669	590591	516432	511663	407646	433380
0.000987022	622785	591101	515390	511973	407914	434372
0.000987296	622838	591651	514397	512274	408118	435261
0.000987567	622817	592230	513430	512618	408248	436044
0.000987834	622717	592821	512457	512999	408299	436713
0.000988098	622541	593414	511469	513361	408272	437262
0.000988359	622301	594007	510488	513666	408179	437693
0.000988617	622006	594599	509541	513931	408026	438012
0.000988872	621658	595188	508633	514206	407812	438222
0.000989124	621251	595764	507738	514523	407532	438320
0.000989373	620778	596314	506833	514859	407181	438302
0.00098962	620243	596828	505911	515167	406763	438168
0.000989864	619654	597304	504995	515422	406287	437927
0.000990105	619021	597746	504110	515643	405764	437588
0.000990343	618347	598152	503264	515873	405198	437161
0.000990579	617633	598517	502440	516138	404587	436647
0.000990811	616874	598834	501613	516426	403930	436045
0.000991041	616072	599095	500770	516698	403226	435357
0.000991268	615231	599301	499919	516924	402480	434588
0.000991492	614361	599454	499085	517108	401702	433748
0.000991712	613468	599557	498286	517279	400899	432849
0.000991929	612556	599612	497522	517469	400076	431897
0.000992143	611625	599614	496779	517689	399233	430896
0.000992354	610676	599562	496036	517920	398369	429848
0.000992561	609709	599454	495285	518131	397486	428756
0.000992764	608729	599295	494531	518306	396587	427626
0.000992963	607743	599088	493791	518445	395677	426466
0.000993159	606755	598839	493082	518572	394762	425284
0.00099335	605770	598554	492407	518709	393845	424083
0.000993538	604789	598231	491762	518867	392927	422868
0.000993723	603813	597872	491131	519041	392008	421638
0.000993903	602839	597476	490502	519213	391086	420392
0.000994081	601866	597044	489868	519367	390162	419133
0.000994255	600897	596578	489233	519492	389236	417861
0.000994426	599932	596083	488605	519593	388310	416580
0.000994595	598974	595561	487996	519682	387386	415293
0.000994761	598025	595016	487413	519776	386467	414004
0.000994925	597083	594451	486857	519885	385552	412713
0.000995087	596150	593864	486320	520013	384641	411419
0.000995246	595224	593255	485794	520152	383732	410123
0.000995405	594302	592623	485267	520290	382826	408822
0.000995561	593385	591969	484734	520413	381920	407516
0.000995716	592472	591293	484194	520516	381016	406207
0.00099587	591563	590597	483653	520598	380115	404895
0.000996022	590660	589883	483117	520668	379218	403582
0.000996174	589763	589153	482595	520736	378326	402272
0.000996324	588873	588409	482092	520815	377441	400964
0.000996474	587989	587650	481608	520908	376562	399659
0.000996623	587110	586876	481140	521018	375691	398357
0.000996771	586236	586086	480679	521137	374825	397057
0.000996919	585365	585280	480219	521254	373964	395759
0.000997067	584497	584456	479752	521361	373107	394462
0.000997214	583630	583616	479277	521451	372256	393166
0.000997361	582767	582760	478795	521524	371410	391873
0.000997508	581906	581890	478312	521587	370571	390584
0.000997655	581050	581007	477837	521649	369740	389300
0.000997802	580199	580112	477373	521719	368917	388023
0.00099795	579351	579205	476926	521805	368102	386752
0.000998098	578507	578284	476493	521906	367294	385486
0.000998246	577665	577349	476069	522018	366492	384224
0.000998396	576822	576399	475646	522131	365694	382963
0.000998546	575977	575431	475217	522236	364900	381702
0.000998696	575130	574445	474778	522326	364107	380441
0.000998849	574281	573442	474328	522400	363317	379179
0.000999002	573429	572423	473871	522464	362532	377918
0.000999157	572578	571389	473416	522528	361751	376658
0.000999313	571726	570340	472969	522604	360977	375401
0.000999472	570875	569276	472536	522699	360210	374146
0.000999632	570022	568195	472117	522814	359449	372892
0.000999796	569164	567095	471706	522942	358691	371636
0.000999961	568299	565973	471293	523069	357934	370377
